47 3  1
47 2  2
47 5  3
47 4  4
47 7  5
47 6  6
47 14  7
47 15  8
47 12  9
47 13  10
47 10  11
47 11  12
47 8  13
47 9  14
46 0  15
46 1  16
46 2  17
46 3  18
46 4  19
46 5  20
46 6  21
46 7  22
46 15  23
46 14  24
46 13  25
46 12  26
46 11  27
46 10  28
46 9  29
46 8  30
45 1  31
45 0  32
45 3  33
45 2  34
45 5  35
45 4  36
45 7  37
45 6  38
45 14  39
45 15  40
45 12  41
45 13  42
45 10  43
45 11  44
45 8  45
45 9  46
44 0  47
44 1  48
44 2  49
44 3  50
44 4  51
44 5  52
44 6  53
44 7  54
44 15  55
44 14  56
44 13  57
44 12  58
44 11  59
44 10  60
44 9  61
44 8  62
42 11  1
42 10  2
42 13  3
42 12  4
42 15  5
42 14  6
42 6  7
42 7  8
42 4  9
42 5  10
42 2  11
42 3  12
42 0  13
42 1  14
43 8  15
43 9  16
43 10  17
43 11  18
43 12  19
43 13  20
43 14  21
43 15  22
43 7  23
43 6  24
43 5  25
43 4  26
43 3  27
43 2  28
43 1  29
43 0  30
36 9  31
36 8  32
36 11  33
36 10  34
36 13  35
36 12  36
36 15  37
36 14  38
36 6  39
36 7  40
36 4  41
36 5  42
36 2  43
36 3  44
36 0  45
36 1  46
37 8  47
37 9  48
37 10  49
37 11  50
37 12  51
37 13  52
37 14  53
37 15  54
37 7  55
37 6  56
37 5  57
37 4  58
37 3  59
37 2  60
37 1  61
37 0  62
38 9  63
38 8  64
38 11  65
38 10  66
38 13  67
38 12  68
38 15  69
38 14  70
38 6  71
38 7  72
38 4  73
38 5  74
38 2  75
38 3  76
38 0  77
38 1  78
39 8  79
39 9  80
39 10  81
39 11  82
39 12  83
39 13  84
39 14  85
39 15  86
39 7  87
39 6  88
39 5  89
39 4  90
39 3  91
39 2  92
39 1  93
39 0  94
51 3  1
51 2  2
51 5  3
51 4  4
51 7  5
51 6  6
51 14  7
51 15  8
51 12  9
51 13  10
51 10  11
51 11  12
51 8  13
51 9  14
50 0  15
50 1  16
50 2  17
50 3  18
50 4  19
50 5  20
50 6  21
50 7  22
50 15  23
50 14  24
50 13  25
50 12  26
50 11  27
50 10  28
50 9  29
50 8  30
35 1  31
35 0  32
35 3  33
35 2  34
35 5  35
35 4  36
35 7  37
35 6  38
35 14  39
35 15  40
35 12  41
35 13  42
35 10  43
35 11  44
35 8  45
35 9  46
34 0  47
34 1  48
34 2  49
34 3  50
34 4  51
34 5  52
34 6  53
34 7  54
34 15  55
34 14  56
34 13  57
34 12  58
34 11  59
34 10  60
34 9  61
34 8  62
41 1  63
41 0  64
41 3  65
41 2  66
41 5  67
41 4  68
41 7  69
41 6  70
41 14  71
41 15  72
41 12  73
41 13  74
41 10  75
41 11  76
41 8  77
41 9  78
40 0  79
40 1  80
40 2  81
40 3  82
40 4  83
40 5  84
40 6  85
40 7  86
40 15  87
40 14  88
40 13  89
40 12  90
40 11  91
40 10  92
40 9  93
40 8  94
54 11  1
54 10  2
54 13  3
54 12  4
54 15  5
54 14  6
54 6  7
54 7  8
54 4  9
54 5  10
54 2  11
54 3  12
54 0  13
54 1  14
55 8  15
55 9  16
55 10  17
55 11  18
55 12  19
55 13  20
55 14  21
55 15  22
55 7  23
55 6  24
55 5  25
55 4  26
55 3  27
55 2  28
55 1  29
55 0  30
58 9  31
58 8  32
58 11  33
58 10  34
58 13  35
58 12  36
58 15  37
58 14  38
58 6  39
58 7  40
58 4  41
58 5  42
58 2  43
58 3  44
58 0  45
58 1  46
59 8  47
59 9  48
59 10  49
59 11  50
59 12  51
59 13  52
59 14  53
59 15  54
59 7  55
59 6  56
59 5  57
59 4  58
59 3  59
59 2  60
59 1  61
59 0  62
33 0  1
33 1  2
33 2  3
33 3  4
33 4  5
33 5  6
33 6  7
33 7  8
33 15  9
33 14  10
33 13  11
33 12  12
33 11  13
33 10  14
33 9  15
33 8  16
32 1  17
32 0  18
32 3  19
32 2  20
32 5  21
32 4  22
32 7  23
32 6  24
32 14  25
32 15  26
32 12  27
32 13  28
32 10  29
32 11  30
32 8  31
32 9  32
31 0  33
31 1  34
31 2  35
31 3  36
31 4  37
31 5  38
31 6  39
31 7  40
31 15  41
31 14  42
31 13  43
31 12  44
31 11  45
31 10  46
31 9  47
31 8  48
30 1  49
30 0  50
30 3  51
30 2  52
30 5  53
30 4  54
30 7  55
30 6  56
30 14  57
30 15  58
30 12  59
30 13  60
30 10  61
30 11  62
30 8  63
30 9  64
48 8  1
48 9  2
48 10  3
48 11  4
48 12  5
48 13  6
48 14  7
48 15  8
48 7  9
48 6  10
48 5  11
48 4  12
48 3  13
48 2  14
48 1  15
48 0  16
49 9  17
49 8  18
49 11  19
49 10  20
49 13  21
49 12  22
49 15  23
49 14  24
49 6  25
49 7  26
49 4  27
49 5  28
49 2  29
49 3  30
49 0  31
49 1  32
56 8  33
56 9  34
56 10  35
56 11  36
56 12  37
56 13  38
56 14  39
56 15  40
56 7  41
56 6  42
56 5  43
56 4  44
56 3  45
56 2  46
56 1  47
56 0  48
57 9  49
57 8  50
57 11  51
57 10  52
57 13  53
57 12  54
57 15  55
57 14  56
57 6  57
57 7  58
57 4  59
57 5  60
57 2  61
57 3  62
57 0  63
57 1  64
52 8  1
52 9  2
52 10  3
52 11  4
52 12  5
52 13  6
52 14  7
52 15  8
52 7  9
52 6  10
52 5  11
52 4  12
52 3  13
52 2  14
52 1  15
52 0  16
53 9  17
53 8  18
53 11  19
53 10  20
53 13  21
53 12  22
53 15  23
53 14  24
53 6  25
53 7  26
53 4  27
53 5  28
53 2  29
53 3  30
53 0  31
53 1  32
60 8  33
60 9  34
60 10  35
60 11  36
60 12  37
60 13  38
60 14  39
60 15  40
60 7  41
60 6  42
60 5  43
60 4  44
60 3  45
60 2  46
60 1  47
60 0  48
61 9  49
61 8  50
61 11  51
61 10  52
61 13  53
61 12  54
61 15  55
61 14  56
61 6  57
61 7  58
61 4  59
61 5  60
61 2  61
61 3  62
61 0  63
61 1  64
